{
    "Q": {
        "type_id": "opencv-matrix",
        "rows": 4,
        "cols": 4,
        "dt": "d",
        "data": [ 1.0, 0.0, 0.0, -9.5037406921386719e+02, 0.0, 1.0, 0.0,
            -6.1201884460449219e+02, 0.0, 0.0, 0.0,
            1.2670867519178960e+03, 0.0, 0.0, 9.8527806690244937e+00,
            0.0 ]
    },
    "R": {
        "type_id": "opencv-matrix",
        "rows": 3,
        "cols": 3,
        "dt": "d",
        "data": [ 9.9998455005504638e-01, -2.5830917105396246e-03,
            4.9221223492867472e-03, 2.6545577385020131e-03,
            9.9989034912440433e-01, -1.4568563796397524e-02,
            -4.8839506978844175e-03, 1.4581404770860968e-02,
            9.9988175783964028e-01 ]
    },
    "T": {
        "type_id": "opencv-matrix",
        "rows": 3,
        "cols": 1,
        "dt": "d",
        "data": [ -1.0148624640757259e-01, -1.1097713063386440e-03,
            -6.1720382652660289e-04 ]
    },
    "imageSize": [ 1936, 1216 ],
    "K1": {
        "type_id": "opencv-matrix",
        "rows": 3,
        "cols": 3,
        "dt": "d",
        "data": [ 1.4222852904299625e+03, 0.0, 9.6277306527080657e+02,
            0.0, 1.4207189112827982e+03, 6.0001034670162574e+02, 0.0,
            0.0, 1.0 ]
    },
    "D1": {
        "type_id": "opencv-matrix",
        "rows": 1,
        "cols": 14,
        "dt": "d",
        "data": [ -9.1742824884425573e+00, 2.2350992082939506e+01,
            -3.2873043499831401e-04, 4.3688919882470424e-04,
            1.1251870138667581e+01, -9.0211671342269941e+00,
            2.0892583628696062e+01, 1.5234983579468759e+01, 0.0, 0.0,
            0.0, 0.0, 0.0, 0.0 ]
    },
    "P1": {
        "type_id": "opencv-matrix",
        "rows": 3,
        "cols": 4,
        "dt": "d",
        "data": [ 1.2670867519178960e+03, 0.0, 9.5037406921386719e+02,
            0.0, 0.0, 1.2670867519178960e+03, 6.1201884460449219e+02,
            0.0, 0.0, 0.0, 1.0, 0.0 ]
    },
    "R1": {
        "type_id": "opencv-matrix",
        "rows": 3,
        "cols": 3,
        "dt": "d",
        "data": [ 9.9990560370609582e-01, 8.4389168498494125e-03,
            1.0842894426730859e-02, -8.3594827758261912e-03,
            9.9993804292875765e-01, -7.3504660754849472e-03,
            -1.0904252604767050e-02, 7.2591312295285926e-03,
            9.9991419746342436e-01 ]
    },
    "K2": {
        "type_id": "opencv-matrix",
        "rows": 3,
        "cols": 3,
        "dt": "d",
        "data": [ 1.4203635929684467e+03, 0.0, 9.7117399898980955e+02,
            0.0, 1.4182554958181508e+03, 6.2022343831487183e+02, 0.0,
            0.0, 1.0 ]
    },
    "D2": {
        "type_id": "opencv-matrix",
        "rows": 1,
        "cols": 14,
        "dt": "d",
        "data": [ 1.1074911947223402e+01, -6.1982332313859111e+01,
            1.6214568714964593e-03, 7.5714223754004550e-04,
            -1.4568202550078068e+01, 1.1257392661076565e+01,
            -6.0597988014298075e+01, -2.3788350575325492e+01, 0.0, 0.0,
            0.0, 0.0, 0.0, 0.0 ]
    },
    "P2": {
        "type_id": "opencv-matrix",
        "rows": 3,
        "cols": 4,
        "dt": "d",
        "data": [ 1.2670867519178960e+03, 0.0, 9.5037406921386719e+02,
            -1.2860194441366247e+02, 0.0, 1.2670867519178960e+03,
            6.1201884460449219e+02, 0.0, 0.0, 0.0, 1.0, 0.0 ]
    },
    "R2": {
        "type_id": "opencv-matrix",
        "rows": 3,
        "cols": 3,
        "dt": "d",
        "data": [ 9.9992172677638780e-01, 1.0934333274124991e-02,
            6.0811739308435338e-03, -1.0978465185368927e-02,
            9.9991329385107042e-01, 7.2717317109737313e-03,
            -6.0011351176632154e-03, -7.3379244853774128e-03,
            9.9995506961140335e-01 ]
    }
}
