{
    "imageSize": {
        "type_id": "opencv-matrix",
        "rows": 2,
        "cols": 1,
        "dt": "d",
        "data": [ 4000.0, 2960.0 ]
    },
    "K1": {
        "type_id": "opencv-matrix",
        "rows": 3,
        "cols": 3,
        "dt": "d",
        "data": [ 4.5047438159222456e+03, 0.0, 1.8176252136327782e+03,
            0.0, 4.5090203627783185e+03, 1.4128101919751882e+03, 0.0,
            0.0, 1.0 ]
    },
    "dist1": {
        "type_id": "opencv-matrix",
        "rows": 1,
        "cols": 5,
        "dt": "d",
        "data": [ -4.8788723718716488e-02, 5.7646034890912246e-02,
            -2.8853216316478527e-03, -1.1655835190941231e-02,
            -2.5309725508532471e-01 ]
    },
    "K2": {
        "type_id": "opencv-matrix",
        "rows": 3,
        "cols": 3,
        "dt": "d",
        "data": [ 4.5047438159222456e+03, 0.0, 1.8176252136327782e+03,
            0.0, 4.5090203627783185e+03, 1.4128101919751882e+03, 0.0,
            0.0, 1.0 ]
    },
    "dist2": {
        "type_id": "opencv-matrix",
        "rows": 1,
        "cols": 5,
        "dt": "d",
        "data": [ 5.7981857060500970e-02, -2.0971713236183303e+00,
            -2.8932198143776498e-03, -1.2836954809323575e-02,
            1.2705013475767124e+01 ]
    },
    "R": {
        "type_id": "opencv-matrix",
        "rows": 3,
        "cols": 3,
        "dt": "d",
        "data": [ 9.9996996536544591e-01, 1.1201659048902814e-03,
            7.6690022411359535e-03, -1.1566907318814892e-03,
            9.9998800273576161e-01, 4.7598793149880329e-03,
            -7.6635783795695857e-03, -4.7686070175673749e-03,
            9.9995926414706127e-01 ]
    },
    "T": {
        "type_id": "opencv-matrix",
        "rows": 3,
        "cols": 1,
        "dt": "d",
        "data": [ -5.0876307253959530e-02, 3.6688125399264305e-04,
            2.4106373225966701e-03 ]
    }
}
