{
    "Q": {
        "type_id": "opencv-matrix",
        "rows": 4,
        "cols": 4,
        "dt": "d",
        "data": [ 1.0, 0.0, 0.0, -9.7554591369628906e+02, 0.0, 1.0, 0.0,
            -6.0735823059082031e+02, 0.0, 0.0, 0.0,
            1.2931281476182544e+03, 0.0, 0.0, 9.8744813524084041e+00,
            0.0 ]
    },
    "R": {
        "type_id": "opencv-matrix",
        "rows": 3,
        "cols": 3,
        "dt": "d",
        "data": [ 9.9999633035640001e-01, -2.4871052675807933e-03,
            1.0740489382538730e-03, 2.5013811784052051e-03,
            9.9990572263478406e-01, -1.3501441938197229e-02,
            -1.0403681723854250e-03, 1.3504078998516066e-02,
            9.9990827453545339e-01 ]
    },
    "T": {
        "type_id": "opencv-matrix",
        "rows": 3,
        "cols": 1,
        "dt": "d",
        "data": [ -1.0126471321603482e-01, -1.0505774899730181e-03,
            4.4528668095385031e-04 ]
    },
    "imageSize": [ 1936, 1216 ],
    "K1": {
        "type_id": "opencv-matrix",
        "rows": 3,
        "cols": 3,
        "dt": "d",
        "data": [ 1.4201980981923664e+03, 0.0, 9.6069754672154636e+02,
            0.0, 1.4191221539074609e+03, 5.9735703911243502e+02, 0.0,
            0.0, 1.0 ]
    },
    "D1": {
        "type_id": "opencv-matrix",
        "rows": 1,
        "cols": 14,
        "dt": "d",
        "data": [ 4.2090052353831409e+00, -1.6859459000700241e+01,
            -1.7246476473560586e-04, -2.8479041232969349e-04,
            -6.7482230526525186e+01, 4.3219344989473907e+00,
            -1.5596960467185580e+01, -7.4450917671985309e+01, 0.0, 0.0,
            0.0, 0.0, 0.0, 0.0 ]
    },
    "P1": {
        "type_id": "opencv-matrix",
        "rows": 3,
        "cols": 4,
        "dt": "d",
        "data": [ 1.2931281476182544e+03, 0.0, 9.7554591369628906e+02,
            0.0, 0.0, 1.2931281476182544e+03, 6.0735823059082031e+02,
            0.0, 0.0, 0.0, 1.0, 0.0 ]
    },
    "R1": {
        "type_id": "opencv-matrix",
        "rows": 3,
        "cols": 3,
        "dt": "d",
        "data": [ 9.9996337646873712e-01, 7.8266053192915987e-03,
            -3.4626536671624078e-03, -7.8498049502156719e-03,
            9.9994648932549812e-01, -6.7378815554145757e-03,
            3.4097336386067416e-03, 6.7648159462961599e-03,
            9.9997130507916399e-01 ]
    },
    "K2": {
        "type_id": "opencv-matrix",
        "rows": 3,
        "cols": 3,
        "dt": "d",
        "data": [ 1.4239837499654870e+03, 0.0, 9.7235332399419201e+02,
            0.0, 1.4224554492816426e+03, 6.1514003567359941e+02, 0.0,
            0.0, 1.0 ]
    },
    "D2": {
        "type_id": "opencv-matrix",
        "rows": 1,
        "cols": 14,
        "dt": "d",
        "data": [ -1.1432977343381387e+01, 2.5791225213951734e+01,
            1.4468860023584612e-03, 5.8147760712962918e-04,
            4.1267174109277029e+01, -1.1249488542489836e+01,
            2.3499492405815641e+01, 4.8423026945530388e+01, 0.0, 0.0,
            0.0, 0.0, 0.0, 0.0 ]
    },
    "P2": {
        "type_id": "opencv-matrix",
        "rows": 3,
        "cols": 4,
        "dt": "d",
        "data": [ 1.2931281476182544e+03, 0.0, 9.7554591369628906e+02,
            -1.3095656384047533e+02, 0.0, 1.2931281476182544e+03,
            6.0735823059082031e+02, 0.0, 0.0, 0.0, 1.0, 0.0 ]
    },
    "R2": {
        "type_id": "opencv-matrix",
        "rows": 3,
        "cols": 3,
        "dt": "d",
        "data": [ 9.9993652230872077e-01, 1.0373907833993588e-02,
            -4.3969750275525063e-03, -1.0343985139657667e-02,
            9.9992355276737810e-01, 6.7742595532572624e-03,
            4.4669144352287790e-03, -6.7283472945562466e-03,
            9.9996738747726777e-01 ]
    }
}
