{
    "Q": {
        "type_id": "opencv-matrix",
        "rows": 4,
        "cols": 4,
        "dt": "d",
        "data": [ 1.0, 0.0, 0.0, -1.1374624328613281e+03, 0.0, 1.0, 0.0,
            -5.8440251159667969e+02, 0.0, 0.0, 0.0,
            9.8780097577290803e+02, 0.0, 0.0, 5.5119693509322384e-03,
            0.0 ]
    },
    "R": {
        "type_id": "opencv-matrix",
        "rows": 3,
        "cols": 3,
        "dt": "d",
        "data": [ 9.9996280104852786e-01, 8.0282264982797138e-03,
            3.1534264657017623e-03, -8.0601417028528747e-03,
            9.9991506461578561e-01, 1.0241956362882625e-02,
            -3.0709338827465574e-03, -1.0266992437007993e-02,
            9.9994257746701942e-01 ]
    },
    "T": {
        "type_id": "opencv-matrix",
        "rows": 3,
        "cols": 1,
        "dt": "d",
        "data": [ -1.8072443255348375e+02, -8.1138988805765582e+00,
            1.3685016838705142e+01 ]
    },
    "imageSize": [ 1936, 1216 ],
    "K1": {
        "type_id": "opencv-matrix",
        "rows": 3,
        "cols": 3,
        "dt": "d",
        "data": [ 1.2173906706952996e+03, 0.0, 9.7822182757679775e+02,
            0.0, 1.2154795194541439e+03, 5.9850993680936529e+02, 0.0,
            0.0, 1.0 ]
    },
    "D1": {
        "type_id": "opencv-matrix",
        "rows": 1,
        "cols": 14,
        "dt": "d",
        "data": [ -3.3569037721779398e+00, 2.4948653029392034e+00,
            -9.0140294625500311e-03, -4.7614721545155021e-03,
            3.7829188352520418e+00, -3.2626487348925020e+00,
            2.1171949708038835e+00, 4.2817919461834206e+00, 0.0, 0.0,
            0.0, 0.0, 0.0, 0.0 ]
    },
    "P1": {
        "type_id": "opencv-matrix",
        "rows": 3,
        "cols": 4,
        "dt": "d",
        "data": [ 9.8780097577290803e+02, 0.0, 1.1374624328613281e+03,
            0.0, 0.0, 9.8780097577290803e+02, 5.8440251159667969e+02,
            0.0, 0.0, 0.0, 1.0, 0.0 ]
    },
    "R1": {
        "type_id": "opencv-matrix",
        "rows": 3,
        "cols": 3,
        "dt": "d",
        "data": [ 9.9598164413069212e-01, 5.3491514900973244e-02,
            -7.1827727155480636e-02, -5.3135975329867240e-02,
            9.9856377113381567e-01, 6.8529632099030057e-03,
            7.2091141484005847e-02, -3.0087892268322769e-03,
            9.9739351035933732e-01 ]
    },
    "K2": {
        "type_id": "opencv-matrix",
        "rows": 3,
        "cols": 3,
        "dt": "d",
        "data": [ 1.2554903773819701e+03, 0.0, 9.9599879146066235e+02,
            0.0, 1.2600861166934760e+03, 6.2451181981412515e+02, 0.0,
            0.0, 1.0 ]
    },
    "D2": {
        "type_id": "opencv-matrix",
        "rows": 1,
        "cols": 14,
        "dt": "d",
        "data": [ -1.5166624288366261e+01, 1.0293636921881894e+02,
            -1.1751730639896363e-02, 2.9516710183823033e-04,
            2.9750799979375632e+01, -1.5078610574236565e+01,
            1.0151103547064595e+02, 4.0318587253391037e+01, 0.0, 0.0,
            0.0, 0.0, 0.0, 0.0 ]
    },
    "P2": {
        "type_id": "opencv-matrix",
        "rows": 3,
        "cols": 4,
        "dt": "d",
        "data": [ 9.8780097577290803e+02, 0.0, 1.1374624328613281e+03,
            -1.7921017206052525e+05, 0.0, 9.8780097577290803e+02,
            5.8440251159667969e+02, 0.0, 0.0, 0.0, 1.0, 0.0 ]
    },
    "R2": {
        "type_id": "opencv-matrix",
        "rows": 3,
        "cols": 3,
        "dt": "d",
        "data": [ 9.9614753319942284e-01, 4.4723561946301532e-02,
            -7.5431393381934553e-02, -4.5095692284109812e-02,
            9.9897742897708208e-01, -3.2364999236663035e-03,
            7.5209511620018543e-02, 6.6256623196736765e-03,
            9.9714574158480163e-01 ]
    }
}
