{
    "Q": {
        "type_id": "opencv-matrix",
        "rows": 4,
        "cols": 4,
        "dt": "d",
        "data": [ 1.0, 0.0, 0.0, -9.3674781036376953e+02, 0.0, 1.0, 0.0,
            -6.4229473114013672e+02, 0.0, 0.0, 0.0,
            1.4778934974586489e+03, 0.0, 0.0, -5.6745634417265300e-03,
            0.0 ]
    },
    "R": {
        "type_id": "opencv-matrix",
        "rows": 3,
        "cols": 3,
        "dt": "d",
        "data": [ 9.9927964253369150e-01, 3.3065493914198941e-03,
            -3.7805591502579172e-02, -3.5418695251965052e-03,
            9.9997475939224190e-01, -6.1591995173459913e-03,
            3.7784271569057282e-02, 6.2886651644122014e-03,
            9.9926613147471666e-01 ]
    },
    "T": {
        "type_id": "opencv-matrix",
        "rows": 3,
        "cols": 1,
        "dt": "d",
        "data": [ 1.7619435419646962e+02, -2.7445496723374951e-01,
            3.2754265340728268e+00 ]
    },
    "imageSize": [ 1936, 1216 ],
    "K1": {
        "type_id": "opencv-matrix",
        "rows": 3,
        "cols": 3,
        "dt": "d",
        "data": [ 1.6186197127887394e+03, 0.0, 9.1140127930498329e+02,
            0.0, 1.6231877064448381e+03, 6.4364024079217450e+02, 0.0,
            0.0, 1.0 ]
    },
    "D1": {
        "type_id": "opencv-matrix",
        "rows": 1,
        "cols": 14,
        "dt": "d",
        "data": [ -8.3468185055105817e+00, 9.0883754829512586e+00,
            -2.7944442293091104e-03, -4.6278693347672514e-04,
            8.8962422141080779e+01, -8.0963111290875212e+00,
            6.3564478139647580e+00, 9.8111872496368463e+01, 0.0, 0.0,
            0.0, 0.0, 0.0, 0.0 ]
    },
    "P1": {
        "type_id": "opencv-matrix",
        "rows": 3,
        "cols": 4,
        "dt": "d",
        "data": [ 1.4778934974586489e+03, 0.0, 9.3674781036376953e+02,
            0.0, 0.0, 1.4778934974586489e+03, 6.4229473114013672e+02,
            0.0, 0.0, 0.0, 1.0, 0.0 ]
    },
    "R1": {
        "type_id": "opencv-matrix",
        "rows": 3,
        "cols": 3,
        "dt": "d",
        "data": [ 9.9981360669270991e-01, 1.8654863762708007e-03,
            -1.9216446932120990e-02, -1.9252666402259097e-03,
            9.9999336375956238e-01, -3.0928603588738367e-03,
            1.9210549718295604e-02, 3.1292806546246378e-03,
            9.9981056324791129e-01 ]
    },
    "K2": {
        "type_id": "opencv-matrix",
        "rows": 3,
        "cols": 3,
        "dt": "d",
        "data": [ 1.6218822151256024e+03, 0.0, 9.6378207288227179e+02,
            0.0, 1.6201728895763338e+03, 6.4059279374761502e+02, 0.0,
            0.0, 1.0 ]
    },
    "D2": {
        "type_id": "opencv-matrix",
        "rows": 1,
        "cols": 14,
        "dt": "d",
        "data": [ -7.9562816293286236e+00, 9.1705227088524399e+00,
            -6.7404092816252448e-04, 1.6443710642247479e-03,
            3.1334640414948538e+01, -7.7395241482570718e+00,
            7.1375395497712883e+00, 3.6192077849581075e+01, 0.0, 0.0,
            0.0, 0.0, 0.0, 0.0 ]
    },
    "P2": {
        "type_id": "opencv-matrix",
        "rows": 3,
        "cols": 4,
        "dt": "d",
        "data": [ 1.4778934974586489e+03, 0.0, 9.3674781036376953e+02,
            2.6044179656029862e+05, 0.0, 1.4778934974586489e+03,
            6.4229473114013672e+02, 0.0, 0.0, 0.0, 1.0, 0.0 ]
    },
    "R2": {
        "type_id": "opencv-matrix",
        "rows": 3,
        "cols": 3,
        "dt": "d",
        "data": [ 9.9982604096190086e-01, -1.5574121234914022e-03,
            1.8586615666355524e-02, 1.4995751036382423e-03,
            9.9999399190657756e-01, 3.1252880277376550e-03,
            -1.8591371357695997e-02, -3.0968723295244148e-03,
            9.9982236937008717e-01 ]
    }
}
