{
    "Q": {
        "type_id": "opencv-matrix",
        "rows": 4,
        "cols": 4,
        "dt": "d",
        "data": [ 1.0, 0.0, 0.0, -9.7044304656982422e+02, 0.0, 1.0, 0.0,
            -6.1010682678222656e+02, 0.0, 0.0, 0.0,
            1.3806439024566228e+03, 0.0, 0.0, 9.9375999007484541e+00,
            0.0 ]
    },
    "R": {
        "type_id": "opencv-matrix",
        "rows": 3,
        "cols": 3,
        "dt": "d",
        "data": [ 9.9999547389194388e-01, -2.1661902890842866e-03,
            2.0880170636355562e-03, 2.1959021636560523e-03,
            9.9989485121071153e-01, -1.4334034184305566e-02,
            -2.0567472655158639e-03, 1.4338554388105756e-02,
            9.9989508232051283e-01 ]
    },
    "T": {
        "type_id": "opencv-matrix",
        "rows": 3,
        "cols": 1,
        "dt": "d",
        "data": [ -1.0062051696801319e-01, -1.1908655789079454e-03,
            2.6745042956906914e-04 ]
    },
    "imageSize": [ 1936, 1216 ],
    "K1": {
        "type_id": "opencv-matrix",
        "rows": 3,
        "cols": 3,
        "dt": "d",
        "data": [ 1.4149043603982957e+03, 0.0, 9.6055134690800651e+02,
            0.0, 1.4139496534647192e+03, 5.9898001471079533e+02, 0.0,
            0.0, 1.0 ]
    },
    "D1": {
        "type_id": "opencv-matrix",
        "rows": 1,
        "cols": 14,
        "dt": "d",
        "data": [ 2.0823112586079375e+00, -1.2423017523715700e+01,
            -6.9426578053306289e-04, -1.6299460436631781e-04,
            -5.0270530065885538e+01, 2.2059261386501121e+00,
            -1.1745126441307303e+01, -5.5038143647822750e+01, 0.0, 0.0,
            0.0, 0.0, 0.0, 0.0 ]
    },
    "P1": {
        "type_id": "opencv-matrix",
        "rows": 3,
        "cols": 4,
        "dt": "d",
        "data": [ 1.3806439024566228e+03, 0.0, 9.7044304656982422e+02,
            0.0, 0.0, 1.3806439024566228e+03, 6.1010682678222656e+02,
            0.0, 0.0, 0.0, 1.0, 0.0 ]
    },
    "R1": {
        "type_id": "opencv-matrix",
        "rows": 3,
        "cols": 3,
        "dt": "d",
        "data": [ 9.9995336717918926e-01, 9.6289611186077574e-03,
            -7.3930695782133257e-04, -9.6340164160110542e-03,
            9.9992789020121586e-01, -7.1693880799802694e-03,
            6.7021988747903200e-04, 7.1761762465587355e-03,
            9.9997402631257415e-01 ]
    },
    "K2": {
        "type_id": "opencv-matrix",
        "rows": 3,
        "cols": 3,
        "dt": "d",
        "data": [ 1.4186186478675754e+03, 0.0, 9.6916760124999314e+02,
            0.0, 1.4162543415006617e+03, 6.1862271623340939e+02, 0.0,
            0.0, 1.0 ]
    },
    "D2": {
        "type_id": "opencv-matrix",
        "rows": 1,
        "cols": 14,
        "dt": "d",
        "data": [ -8.4996213733251214e+00, 2.8010994674404337e+01,
            1.4439752489144935e-03, 1.2775090318618305e-03,
            1.1221168769442624e+01, -8.3291248645193861e+00,
            2.6506276451636495e+01, 1.6334140292460084e+01, 0.0, 0.0,
            0.0, 0.0, 0.0, 0.0 ]
    },
    "P2": {
        "type_id": "opencv-matrix",
        "rows": 3,
        "cols": 4,
        "dt": "d",
        "data": [ 1.3806439024566228e+03, 0.0, 9.7044304656982422e+02,
            -1.3893132308060007e+02, 0.0, 1.3806439024566228e+03,
            6.1010682678222656e+02, 0.0, 0.0, 0.0, 1.0, 0.0 ]
    },
    "R2": {
        "type_id": "opencv-matrix",
        "rows": 3,
        "cols": 3,
        "dt": "d",
        "data": [ 9.9992643943458603e-01, 1.1834345658753799e-02,
            -2.6578153623397129e-03, -1.1814976701596702e-02,
            9.9990435989051152e-01, 7.1886992903321687e-03,
            2.7426347208260953e-03, -7.1567684589645911e-03,
            9.9997062887867505e-01 ]
    }
}
