{
    "imageSize": {
        "type_id": "opencv-matrix",
        "rows": 2,
        "cols": 1,
        "dt": "d",
        "data": [ 4000.0, 2960.0 ]
    },
    "K1": {
        "type_id": "opencv-matrix",
        "rows": 3,
        "cols": 3,
        "dt": "d",
        "data": [ 4.5047438159222456e+03, 0.0, 1.8176252136327782e+03,
            0.0, 4.5090203627783185e+03, 1.4128101919751882e+03, 0.0,
            0.0, 1.0 ]
    },
    "dist1": {
        "type_id": "opencv-matrix",
        "rows": 1,
        "cols": 5,
        "dt": "d",
        "data": [ -4.8788723718716488e-02, 5.7646034890912246e-02,
            -2.8853216316478527e-03, -1.1655835190941231e-02,
            -2.5309725508532471e-01 ]
    },
    "K2": {
        "type_id": "opencv-matrix",
        "rows": 3,
        "cols": 3,
        "dt": "d",
        "data": [ 4.5047438159222456e+03, 0.0, 1.8176252136327782e+03,
            0.0, 4.5090203627783185e+03, 1.4128101919751882e+03, 0.0,
            0.0, 1.0 ]
    },
    "dist2": {
        "type_id": "opencv-matrix",
        "rows": 1,
        "cols": 5,
        "dt": "d",
        "data": [ 5.7981857060500970e-02, -2.0971713236183303e+00,
            -2.8932198143776498e-03, -1.2836954809323575e-02,
            1.2705013475767124e+01 ]
    },
    "R": {
        "type_id": "opencv-matrix",
        "rows": 3,
        "cols": 3,
        "dt": "d",
        "data": [ 9.9996996536544591e-01, 1.1201659048902814e-03,
            7.6690022411359535e-03, -1.1566907318814892e-03,
            9.9998800273576161e-01, 4.7598793149880329e-03,
            -7.6635783795695857e-03, -4.7686070175673749e-03,
            9.9995926414706127e-01 ]
    },
    "T": {
        "type_id": "opencv-matrix",
        "rows": 3,
        "cols": 1,
        "dt": "d",
        "data": [ -5.0876307253959530e-02, 3.6688125399264305e-04,
            2.4106373225966701e-03 ]
    },
    "P1": {
        "type_id": "opencv-matrix",
        "rows": 3,
        "cols": 4,
        "dt": "d",
        "data": [ 4.2148890677606078e+03, 0.0, 2.0670484466552734e+03,
            0.0, 0.0, 4.2148890677606078e+03, 1.4268456268310547e+03,
            0.0, 0.0, 0.0, 1.0, 0.0 ]
    },
    "P2": {
        "type_id": "opencv-matrix",
        "rows": 3,
        "cols": 4,
        "dt": "d",
        "data": [ 4.2148890677606078e+03, 0.0, 2.0670484466552734e+03,
            -2.1468414122563902e+02, 0.0, 4.2148890677606078e+03,
            1.4268456268310547e+03, 0.0, 0.0, 0.0, 1.0, 0.0 ]
    },
    "R1": {
        "type_id": "opencv-matrix",
        "rows": 3,
        "cols": 3,
        "dt": "d",
        "data": [ 9.9919446514389088e-01, -5.8583151072251682e-03,
            -3.9700138159939696e-02, 5.9528712306479662e-03,
            9.9997971868938718e-01, 2.2639642234701762e-03,
            3.9686069973293728e-02, -2.4984703316802380e-03,
            9.9920907396604275e-01 ]
    },
    "R2": {
        "type_id": "opencv-matrix",
        "rows": 3,
        "cols": 3,
        "dt": "d",
        "data": [ 9.9885343196991638e-01, -7.2029716670807395e-03,
            -4.7327990038486430e-02, 7.0901979714980742e-03,
            9.9997161223396569e-01, -2.5502586002738429e-03,
            4.7345015943019840e-02, 2.2117697363283687e-03,
            9.9887614724748974e-01 ]
    },
    "Q": {
        "type_id": "opencv-matrix",
        "rows": 4,
        "cols": 4,
        "dt": "d",
        "data": [ 1.0, 0.0, 0.0, -2.0670484466552734e+03, 0.0, 1.0, 0.0,
            -1.4268456268310547e+03, 0.0, 0.0, 0.0,
            4.2148890677606078e+03, 0.0, 0.0, 1.9632978214867961e+01,
            0.0 ]
    }
}