{
    "Q": {
        "type_id": "opencv-matrix",
        "rows": 4,
        "cols": 4,
        "dt": "d",
        "data": [ 1.0, 0.0, 0.0, -1.2342325134277344e+03, 0.0, 1.0, 0.0,
            -1.0393596954345703e+03, 0.0, 0.0, 0.0,
            1.5068195029808696e+03, 0.0, 0.0, 8.7917513413009853e+00,
            0.0 ]
    },
    "R": {
        "type_id": "opencv-matrix",
        "rows": 3,
        "cols": 3,
        "dt": "d",
        "data": [ 9.9981659003890255e-01, 1.0067368987101123e-02,
            1.6292156538002252e-02, -1.0226776170369777e-02,
            9.9990035797892551e-01, 9.7307329003440846e-03,
            -1.6192570275974472e-02, -9.8955644252481326e-03,
            9.9981992302242284e-01 ]
    },
    "T": {
        "type_id": "opencv-matrix",
        "rows": 3,
        "cols": 1,
        "dt": "d",
        "data": [ -1.1372545865966133e-01, 8.2616312206450638e-04,
            1.8174390237536320e-03 ]
    },
    "imageSize": [ 2464, 2056 ],
    "K1": {
        "type_id": "opencv-matrix",
        "rows": 3,
        "cols": 3,
        "dt": "d",
        "data": [ 1.4575798210813837e+03, 0.0, 1.2456761877160779e+03,
            0.0, 1.4596041395068578e+03, 1.0504782295411392e+03, 0.0,
            0.0, 1.0 ]
    },
    "D1": {
        "type_id": "opencv-matrix",
        "rows": 1,
        "cols": 14,
        "dt": "d",
        "data": [ 8.6001381480139294e+00, -1.2527576117289522e+01,
            2.5221468434346748e-03, 5.7148679093613382e-04,
            1.0413933772827141e+01, 8.6058931944368133e+00,
            -1.2637392829870453e+01, 1.0565207387269021e+01, 0.0, 0.0,
            0.0, 0.0, 0.0, 0.0 ]
    },
    "P1": {
        "type_id": "opencv-matrix",
        "rows": 3,
        "cols": 4,
        "dt": "d",
        "data": [ 1.5068195029808696e+03, 0.0, 1.2342325134277344e+03,
            0.0, 0.0, 1.5068195029808696e+03, 1.0393596954345703e+03,
            0.0, 0.0, 0.0, 1.0, 0.0 ]
    },
    "R1": {
        "type_id": "opencv-matrix",
        "rows": 3,
        "cols": 3,
        "dt": "d",
        "data": [ 9.9999558591213256e-01, 2.9612371504936503e-03,
            2.4337376475384485e-04, -2.9623931118404291e-03,
            9.9998363057706252e-01, 4.8951818115121970e-03,
            -2.2887398662708696e-04, -4.8958811725138612e-03,
            9.9998798890998830e-01 ]
    },
    "K2": {
        "type_id": "opencv-matrix",
        "rows": 3,
        "cols": 3,
        "dt": "d",
        "data": [ 1.4601711884152141e+03, 0.0, 1.2218224560261140e+03,
            0.0, 1.4620521797315071e+03, 1.0559762814085007e+03, 0.0,
            0.0, 1.0 ]
    },
    "D2": {
        "type_id": "opencv-matrix",
        "rows": 1,
        "cols": 14,
        "dt": "d",
        "data": [ -4.5885417620771909e+00, 1.6274693180587715e+01,
            2.9831872954254210e-04, -3.8652336758189710e-04,
            -1.0408196545343456e+01, -4.5855382192062066e+00,
            1.6232463991809084e+01, -1.0354514278787331e+01, 0.0, 0.0,
            0.0, 0.0, 0.0, 0.0 ]
    },
    "P2": {
        "type_id": "opencv-matrix",
        "rows": 3,
        "cols": 4,
        "dt": "d",
        "data": [ 1.5068195029808696e+03, 0.0, 1.2342325134277344e+03,
            -1.7139014110900612e+02, 0.0, 1.5068195029808696e+03,
            1.0393596954345703e+03, 0.0, 0.0, 0.0, 1.0, 0.0 ]
    },
    "R2": {
        "type_id": "opencv-matrix",
        "rows": 3,
        "cols": 3,
        "dt": "d",
        "data": [ 9.9984595371114782e-01, -7.2634207365390316e-03,
            -1.5978471974800606e-02, 7.1851074789972009e-03,
            9.9996191962506042e-01, -4.9531333799502772e-03,
            1.6013840200299619e-02, 4.8375633296458215e-03,
            9.9986006766100577e-01 ]
    }
}
