{
    "Q": {
        "type_id": "opencv-matrix",
        "rows": 4,
        "cols": 4,
        "dt": "d",
        "data": [ 1.0, 0.0, 0.0, -9.8158320617675781e+02, 0.0, 1.0, 0.0,
            -6.0174002075195312e+02, 0.0, 0.0, 0.0,
            1.2156703433047091e+03, 0.0, 0.0, 9.8790266605952173e+00,
            0.0 ]
    },
    "R": {
        "type_id": "opencv-matrix",
        "rows": 3,
        "cols": 3,
        "dt": "d",
        "data": [ 9.9998539660283603e-01, -2.1755310134869985e-03,
            4.9470845836700854e-03, 2.2287784026659239e-03,
            9.9993937282395129e-01, -1.0783469908828364e-02,
            -4.9233248826824252e-03, 1.0794338388810734e-02,
            9.9992961908868727e-01 ]
    },
    "T": {
        "type_id": "opencv-matrix",
        "rows": 3,
        "cols": 1,
        "dt": "d",
        "data": [ -1.0121597114134065e-01, 6.0730187994154548e-05,
            1.3162231766809460e-03 ]
    },
    "imageSize": [ 1936, 1216 ],
    "K1": {
        "type_id": "opencv-matrix",
        "rows": 3,
        "cols": 3,
        "dt": "d",
        "data": [ 1.4267509445665025e+03, 0.0, 9.5738695471956805e+02,
            0.0, 1.4276720391245362e+03, 5.9655811403311486e+02, 0.0,
            0.0, 1.0 ]
    },
    "D1": {
        "type_id": "opencv-matrix",
        "rows": 1,
        "cols": 14,
        "dt": "d",
        "data": [ -1.4338915155650296e+01, 5.4491327866937240e+01,
            -1.8554897210151665e-05, -3.8895300129583930e-06,
            -1.3942668194732059e+01, -1.4198004527878782e+01,
            5.2516736448831296e+01, -6.8525310150661669e+00, 0.0, 0.0,
            0.0, 0.0, 0.0, 0.0 ]
    },
    "P1": {
        "type_id": "opencv-matrix",
        "rows": 3,
        "cols": 4,
        "dt": "d",
        "data": [ 1.2156703433047091e+03, 0.0, 9.8158320617675781e+02,
            0.0, 0.0, 1.2156703433047091e+03, 6.0174002075195312e+02,
            0.0, 0.0, 0.0, 1.0, 0.0 ]
    },
    "R1": {
        "type_id": "opencv-matrix",
        "rows": 3,
        "cols": 3,
        "dt": "d",
        "data": [ 9.9996335606876430e-01, -2.9156242931860817e-03,
            -8.0489536384851009e-03, 2.8722258728455154e-03,
            9.9998130517145289e-01, -5.3981132011918813e-03,
            8.0645420346636149e-03, 5.3747969802131470e-03,
            9.9995303625679977e-01 ]
    },
    "K2": {
        "type_id": "opencv-matrix",
        "rows": 3,
        "cols": 3,
        "dt": "d",
        "data": [ 1.4266596175092261e+03, 0.0, 9.6444758659552076e+02,
            0.0, 1.4277396265123787e+03, 6.0884797227524473e+02, 0.0,
            0.0, 1.0 ]
    },
    "D2": {
        "type_id": "opencv-matrix",
        "rows": 1,
        "cols": 14,
        "dt": "d",
        "data": [ -2.9896231565980848e+01, 2.1976035016845512e+02,
            7.0404148792305968e-04, 2.4457059144099167e-04,
            1.2393319797867714e+02, -2.9732905884327014e+01,
            2.1483020032590395e+02, 1.6189420629038889e+02, 0.0, 0.0,
            0.0, 0.0, 0.0, 0.0 ]
    },
    "P2": {
        "type_id": "opencv-matrix",
        "rows": 3,
        "cols": 4,
        "dt": "d",
        "data": [ 1.2156703433047091e+03, 0.0, 9.8158320617675781e+02,
            -1.2305567998451623e+02, 0.0, 1.2156703433047091e+03,
            6.0174002075195312e+02, 0.0, 0.0, 0.0, 1.0, 0.0 ]
    },
    "R2": {
        "type_id": "opencv-matrix",
        "rows": 3,
        "cols": 3,
        "dt": "d",
        "data": [ 9.9991527738334030e-01, -5.9995514629814851e-04,
            -1.3003003853730245e-02, 6.6998866368495730e-04,
            9.9998529107508138e-01, 5.3822624123271677e-03,
            1.2999583477489850e-02, -5.3905182781478957e-03,
            9.9990097166774705e-01 ]
    }
}
