{
    "Q": {
        "type_id": "opencv-matrix",
        "rows": 4,
        "cols": 4,
        "dt": "d",
        "data": [ 1.0, 0.0, 0.0, -1.4330521774291992e+03, 0.0, 1.0, 0.0,
            -1.1254513168334961e+03, 0.0, 0.0, 0.0,
            1.7025304264179099e+03, 0.0, 0.0, 8.4705676251035555e+00,
            0.0 ]
    },
    "R": {
        "type_id": "opencv-matrix",
        "rows": 3,
        "cols": 3,
        "dt": "d",
        "data": [ 9.9957487957366764e-01, 5.6774568322389566e-03,
            2.8597667898028697e-02, -6.6161328193716012e-03,
            9.9943883578077175e-01, 3.2836569852710190e-02,
            -2.8395191702193383e-02, -3.3011816325272753e-02,
            9.9905151672528980e-01 ]
    },
    "T": {
        "type_id": "opencv-matrix",
        "rows": 3,
        "cols": 1,
        "dt": "d",
        "data": [ -1.1732377289786008e-01, 9.2850486771266368e-04,
            1.3093976157356899e-02 ]
    },
    "imageSize": [ 2464, 2056 ],
    "K1": {
        "type_id": "opencv-matrix",
        "rows": 3,
        "cols": 3,
        "dt": "d",
        "data": [ 1.5157700569038459e+03, 0.0, 1.2356244517408095e+03,
            0.0, 1.5132661109826554e+03, 1.1183556577834358e+03, 0.0,
            0.0, 1.0 ]
    },
    "D1": {
        "type_id": "opencv-matrix",
        "rows": 1,
        "cols": 14,
        "dt": "d",
        "data": [ 2.6840008835965703e+00, 1.7719431213166402e+02,
            1.4652952481649932e-02, -4.5373987496755549e-03,
            3.3235262616502695e+01, 2.5859440069440880e+00,
            1.7742200677487341e+02, 2.5042267744998973e+01, 0.0, 0.0,
            0.0, 0.0, 0.0, 0.0 ]
    },
    "P1": {
        "type_id": "opencv-matrix",
        "rows": 3,
        "cols": 4,
        "dt": "d",
        "data": [ 1.7025304264179099e+03, 0.0, 1.4330521774291992e+03,
            0.0, 0.0, 1.7025304264179099e+03, 1.1254513168334961e+03,
            0.0, 0.0, 0.0, 1.0, 0.0 ]
    },
    "R1": {
        "type_id": "opencv-matrix",
        "rows": 3,
        "cols": 3,
        "dt": "d",
        "data": [ 9.9657791132505358e-01, 1.4431540519194406e-03,
            -8.2646137026336775e-02, -9.3001877809443040e-05,
            9.9986652061367476e-01, 1.6338063121271791e-02,
            8.2658683812678324e-02, -1.6274466574556782e-02,
            9.9644502293306136e-01 ]
    },
    "K2": {
        "type_id": "opencv-matrix",
        "rows": 3,
        "cols": 3,
        "dt": "d",
        "data": [ 1.5347498893799116e+03, 0.0, 1.1926267299258823e+03,
            0.0, 1.5325064532879558e+03, 1.0915495590172170e+03, 0.0,
            0.0, 1.0 ]
    },
    "D2": {
        "type_id": "opencv-matrix",
        "rows": 1,
        "cols": 14,
        "dt": "d",
        "data": [ -3.1994526638422531e+01, 2.6041917960586721e+02,
            3.8326372524887225e-03, -9.0755045906117070e-03,
            -7.0731311328766921e+01, -3.2018091174626868e+01,
            2.6116410329192138e+02, -7.6617453231974295e+01, 0.0, 0.0,
            0.0, 0.0, 0.0, 0.0 ]
    },
    "P2": {
        "type_id": "opencv-matrix",
        "rows": 3,
        "cols": 4,
        "dt": "d",
        "data": [ 1.7025304264179099e+03, 0.0, 1.4330521774291992e+03,
            -2.0099366438823469e+02, 0.0, 1.7025304264179099e+03,
            1.1254513168334961e+03, 0.0, 0.0, 0.0, 1.0, 0.0 ]
    },
    "R2": {
        "type_id": "opencv-matrix",
        "rows": 3,
        "cols": 3,
        "dt": "d",
        "data": [ 9.9379895236361548e-01, -7.8649632721979768e-03,
            -1.1091341052238592e-01, 6.0509671712129058e-03,
            9.9984253256201794e-01, -1.6682202380479717e-02,
            1.1102715018081494e-01, 1.5907621842920341e-02,
            9.9369005202328020e-01 ]
    }
}
